   1.0000000e+00   5.0000000e-01   1.5000000e-01   2.5000000e-01   8.5000000e-01   7.0000000e-01   1.5223278e+00   1.0000000e+00   2.1915720e+00
   1.0000000e+00   5.0000000e-01   1.5000000e-01   2.5000000e-01   8.5000000e-01   7.0000000e-01   1.5223278e+00   1.0000000e+00   8.5842300e-01
   1.0000000e+00   5.0000000e-01   1.5000000e-01   2.5000000e-01   8.5000000e-01   7.0000000e-01   1.5223278e+00   1.0000000e+00   6.1785500e-01
   1.0000000e+00   5.0000000e-01   1.5000000e-01   2.5000000e-01   8.5000000e-01   7.0000000e-01   1.5223278e+00   1.0000000e+00   7.8299700e-01
  -1.0000000e+00   5.0000000e-01   3.0000000e-01   4.0000000e-01   8.0000000e-01   7.0000000e-01  -4.4805573e-01   1.0000000e+00   7.8958800e-01
  -1.0000000e+00   5.0000000e-01   3.0000000e-01   4.0000000e-01   8.0000000e-01   7.0000000e-01  -4.4805573e-01   1.0000000e+00   8.9307700e-01
  -1.0000000e+00   5.0000000e-01   3.0000000e-01   4.0000000e-01   8.0000000e-01   7.0000000e-01  -4.4805573e-01   1.0000000e+00   8.0190000e-01
  -1.0000000e+00   5.0000000e-01   3.0000000e-01   4.0000000e-01   8.0000000e-01   7.0000000e-01  -4.4805573e-01   1.0000000e+00   5.5418300e-01
   1.0000000e+00   9.7500000e-01   1.5000000e-01   2.5000000e-01   8.5000000e-01   7.0000000e-01   2.7093932e+00   1.0000000e+00   7.8922800e-01
   1.0000000e+00   9.7500000e-01   1.5000000e-01   2.5000000e-01   8.5000000e-01   7.0000000e-01   2.7093932e+00   1.0000000e+00   7.2025100e-01
   1.0000000e+00   9.7500000e-01   1.5000000e-01   2.5000000e-01   8.5000000e-01   7.0000000e-01   2.7093932e+00   1.0000000e+00   7.2717200e-01
   1.0000000e+00   9.7500000e-01   1.5000000e-01   2.5000000e-01   8.5000000e-01   7.0000000e-01   2.7093932e+00   1.0000000e+00   9.9330100e-01
  -1.0000000e+00   2.5000000e-02   1.5000000e-01   2.5000000e-01   8.0000000e-01   7.0000000e-01  -1.4455632e+00   1.0000000e+00   6.0385500e-01
  -1.0000000e+00   2.5000000e-02   3.0000000e-01   4.0000000e-01   8.0000000e-01   7.0000000e-01  -1.6389002e+00   1.0000000e+00   5.7517900e-01
  -1.0000000e+00   2.5000000e-02   1.5000000e-01   2.5000000e-01   8.0000000e-01   7.0000000e-01  -1.4455632e+00   1.0000000e+00   1.2618470e+00
  -1.0000000e+00   2.5000000e-02   3.0000000e-01   4.0000000e-01   8.0000000e-01   7.0000000e-01  -1.6389002e+00   1.0000000e+00   6.2158800e-01
   1.0000000e+00   5.0000000e-01   2.5000000e-01   3.0000000e-01   9.0000000e-01   7.0000000e-01   1.4598144e+00   1.0000000e+00   1.7812380e+00
   1.0000000e+00   5.0000000e-01   2.5000000e-01   3.0000000e-01   9.0000000e-01   7.0000000e-01   1.4598144e+00   1.0000000e+00   1.6042030e+00
   1.0000000e+00   5.0000000e-01   2.5000000e-01   3.0000000e-01   9.0000000e-01   7.0000000e-01   1.4598144e+00   1.0000000e+00   1.3379840e+00
   1.0000000e+00   5.0000000e-01   2.5000000e-01   3.0000000e-01   9.0000000e-01   7.0000000e-01   1.4598144e+00   1.0000000e+00   9.0043100e-01
  -1.0000000e+00   5.0000000e-01   2.6666667e-01   4.0000000e-01   8.5000000e-01   3.0000000e-01   2.2744057e-01   1.0000000e+00   4.3162700e-01
  -1.0000000e+00   5.0000000e-01   2.6666667e-01   4.0000000e-01   8.5000000e-01   3.0000000e-01   2.2744057e-01   1.0000000e+00   5.8856300e-01
  -1.0000000e+00   5.0000000e-01   2.6666667e-01   4.0000000e-01   8.5000000e-01   3.0000000e-01   2.2744057e-01   1.0000000e+00   4.2353400e-01
  -1.0000000e+00   5.0000000e-01   2.6666667e-01   4.0000000e-01   8.5000000e-01   3.0000000e-01   2.2744057e-01   1.0000000e+00   6.4951900e-01
   1.0000000e+00   9.7500000e-01   2.5000000e-01   3.0000000e-01   9.0000000e-01   7.0000000e-01   2.2987443e+00   1.0000000e+00   1.5366550e+00
   1.0000000e+00   9.7500000e-01   2.5000000e-01   3.0000000e-01   9.0000000e-01   7.0000000e-01   2.2987443e+00   1.0000000e+00   1.0048120e+00
   1.0000000e+00   9.7500000e-01   2.5000000e-01   3.0000000e-01   9.0000000e-01   7.0000000e-01   2.2987443e+00   1.0000000e+00   1.0766920e+00
   1.0000000e+00   9.7500000e-01   2.5000000e-01   3.0000000e-01   9.0000000e-01   7.0000000e-01   2.2987443e+00   1.0000000e+00   1.1549370e+00
  -1.0000000e+00   2.5000000e-02   2.6666667e-01   4.0000000e-01   8.5000000e-01   7.0000000e-01  -5.5661344e-01   1.0000000e+00   1.1146050e+00
  -1.0000000e+00   2.5000000e-02   2.6666667e-01   4.0000000e-01   8.5000000e-01   7.0000000e-01  -5.5661344e-01   1.0000000e+00   8.0224200e-01
  -1.0000000e+00   2.5000000e-02   2.6666667e-01   4.0000000e-01   8.5000000e-01   7.0000000e-01  -5.5661344e-01   1.0000000e+00   9.7597500e-01
  -1.0000000e+00   2.5000000e-02   2.6666667e-01   4.0000000e-01   8.5000000e-01   7.0000000e-01  -5.5661344e-01   1.0000000e+00   1.0774640e+00
   1.0000000e+00   5.0000000e-01   2.7380952e-01   3.4803844e-01   9.0575035e-01   4.9287656e-01   9.9159542e-01  -2.0000000e+00   6.2742200e-01
   1.0000000e+00   5.0000000e-01   2.7380952e-01   3.8087118e-01   9.1061663e-01   4.5887778e-01   8.3583455e-01  -2.0000000e+00   6.0396000e-01
   1.0000000e+00   5.0000000e-01   2.7380952e-01   3.8441607e-01   9.4208704e-01   5.9698781e-01   1.0512125e+00  -2.0000000e+00   7.0505900e-01
   1.0000000e+00   5.0000000e-01   2.7380952e-01   3.3646776e-01   9.0911283e-01   3.2783283e-01   9.8322888e-01  -2.0000000e+00   6.1424900e-01
  -1.0000000e+00   5.0000000e-01   2.7380952e-01   3.8280058e-01   9.4763222e-01   4.6617238e-01   1.0587831e+00  -2.0000000e+00   6.2106500e-01
  -1.0000000e+00   5.0000000e-01   2.7380952e-01   3.8865483e-01   9.4910137e-01   5.8267488e-01   1.0651122e+00  -2.0000000e+00   7.0234300e-01
  -1.0000000e+00   5.0000000e-01   2.7380952e-01   3.3591682e-01   9.0175529e-01   5.6290140e-01   1.0632875e+00  -2.0000000e+00   2.1056380e+00
  -1.0000000e+00   5.0000000e-01   2.7380952e-01   3.6485245e-01   9.2770436e-01   6.6167905e-01   1.0901619e+00  -2.0000000e+00   6.1289800e-01
   1.0000000e+00   9.7500000e-01   2.7380952e-01   4.0398583e-01   9.0372784e-01   3.5332190e-01   1.1754073e+00  -2.0000000e+00   6.9902500e-01
   1.0000000e+00   9.7500000e-01   2.7380952e-01   3.5468877e-01   9.1991024e-01   3.7240300e-01   1.5722982e+00  -2.0000000e+00   7.2543500e-01
   1.0000000e+00   9.7500000e-01   2.7380952e-01   3.3711382e-01   9.0090716e-01   4.8787626e-01   1.6921270e+00  -2.0000000e+00   7.4000800e-01
   1.0000000e+00   9.7500000e-01   2.7380952e-01   3.3591700e-01   9.4456685e-01   3.2924840e-01   1.7753599e+00  -2.0000000e+00   2.3311580e+00
  -1.0000000e+00   2.5000000e-02   2.7380952e-01   3.5879773e-01   9.2192864e-01   4.2409081e-01   4.6988008e-01  -2.0000000e+00   6.8129600e-01
  -1.0000000e+00   2.5000000e-02   2.7380952e-01   3.5228624e-01   9.1045066e-01   5.2639553e-01   4.1979375e-01  -2.0000000e+00   5.1190600e-01
  -1.0000000e+00   2.5000000e-02   2.7380952e-01   3.5970761e-01   9.0687781e-01   3.5334876e-01   2.9826647e-01  -2.0000000e+00   5.3119400e-01
  -1.0000000e+00   2.5000000e-02   2.7380952e-01   3.5022936e-01   9.1169436e-01   5.2638846e-01   4.4154961e-01  -2.0000000e+00   5.3008700e-01
   1.0000000e+00   5.0000000e-01   2.9120879e-01   3.4803844e-01   9.5575035e-01   4.9287656e-01   1.2342192e+00  -2.0000000e+00   5.9548600e-01
   1.0000000e+00   5.0000000e-01   2.9120879e-01   3.8087118e-01   9.6061663e-01   4.5887778e-01   1.0618485e+00  -2.0000000e+00   6.6789900e-01
   1.0000000e+00   5.0000000e-01   2.9120879e-01   3.9894753e-01   9.9208704e-01   5.9698781e-01   1.1482295e+00  -2.0000000e+00   6.9895300e-01
   1.0000000e+00   5.0000000e-01   2.9120879e-01   3.2595059e-01   9.5911283e-01   3.2783283e-01   1.2876549e+00  -2.0000000e+00   6.6161800e-01
  -1.0000000e+00   5.0000000e-01   2.9120879e-01   3.8280058e-01   9.9763222e-01   4.6617238e-01   1.2293247e+00  -2.0000000e+00   5.9470600e-01
  -1.0000000e+00   5.0000000e-01   2.9120879e-01   4.1063863e-01   9.9910137e-01   5.8267488e-01   1.1174000e+00  -2.0000000e+00   7.4558500e-01
  -1.0000000e+00   5.0000000e-01   2.9120879e-01   3.2135897e-01   9.5175529e-01   5.6290140e-01   1.4169150e+00  -2.0000000e+00   6.5972300e-01
  -1.0000000e+00   5.0000000e-01   2.9120879e-01   3.6485245e-01   9.7770436e-01   6.6167905e-01   1.2873947e+00  -2.0000000e+00   6.7016700e-01
   1.0000000e+00   9.7500000e-01   2.9120879e-01   4.3213005e-01   9.5372784e-01   3.5332190e-01   1.1954567e+00  -2.0000000e+00   7.7204600e-01
   1.0000000e+00   9.7500000e-01   2.9120879e-01   3.5468877e-01   9.6991024e-01   3.7240300e-01   1.7337572e+00  -2.0000000e+00   6.6256200e-01
   1.0000000e+00   9.7500000e-01   2.9120879e-01   3.2575270e-01   9.5090716e-01   4.8787626e-01   1.9757372e+00  -2.0000000e+00   8.1195800e-01
   1.0000000e+00   9.7500000e-01   2.9120879e-01   3.2994684e-01   9.9456685e-01   3.2924840e-01   1.9606046e+00  -2.0000000e+00   8.2341000e-01
  -1.0000000e+00   2.5000000e-02   2.9120879e-01   3.6880025e-01   9.7192864e-01   4.2409081e-01   7.2150242e-01  -2.0000000e+00   7.3393700e-01
  -1.0000000e+00   2.5000000e-02   2.9120879e-01   3.5228624e-01   9.6045066e-01   5.2639553e-01   7.5038966e-01  -2.0000000e+00   6.5980400e-01
  -1.0000000e+00   2.5000000e-02   2.9120879e-01   3.5909508e-01   9.5687781e-01   3.5334876e-01   6.4309151e-01  -2.0000000e+00   7.4054200e-01
  -1.0000000e+00   2.5000000e-02   2.9120879e-01   3.4830453e-01   9.6169436e-01   5.2638846e-01   7.7838284e-01  -2.0000000e+00   7.3113700e-01
   1.0000000e+00   5.0000000e-01   1.5000000e-01   4.0000000e-01   8.5000000e-01   7.0000000e-01   8.4488878e-01   1.0000000e+00   1.3371480e+00
   1.0000000e+00   5.0000000e-01   1.5000000e-01   4.0000000e-01   8.5000000e-01   7.0000000e-01   8.4488878e-01   1.0000000e+00   1.2454510e+00
   1.0000000e+00   5.0000000e-01   1.5000000e-01   4.0000000e-01   8.5000000e-01   7.0000000e-01   8.4488878e-01   1.0000000e+00   4.7944400e-01
   1.0000000e+00   5.0000000e-01   1.5000000e-01   4.0000000e-01   8.5000000e-01   7.0000000e-01   8.4488878e-01   1.0000000e+00   1.2683670e+00
  -1.0000000e+00   5.0000000e-01   3.0000000e-01   5.3333333e-01   8.0000000e-01   7.0000000e-01  -9.1180878e-01   1.0000000e+00   2.0534770e+00
  -1.0000000e+00   5.0000000e-01   3.0000000e-01   5.3333333e-01   8.0000000e-01   7.0000000e-01  -9.1180878e-01   1.0000000e+00   1.0942940e+00
  -1.0000000e+00   5.0000000e-01   3.0000000e-01   5.3333333e-01   8.0000000e-01   7.0000000e-01  -9.1180878e-01   1.0000000e+00   8.3381100e-01
  -1.0000000e+00   5.0000000e-01   3.0000000e-01   5.3333333e-01   8.0000000e-01   7.0000000e-01  -9.1180878e-01   1.0000000e+00   7.6253600e-01
   1.0000000e+00   9.7500000e-01   1.5000000e-01   4.0000000e-01   8.5000000e-01   7.0000000e-01   1.5812035e+00   1.0000000e+00   5.8959100e-01
   1.0000000e+00   9.7500000e-01   1.5000000e-01   4.0000000e-01   8.5000000e-01   7.0000000e-01   1.5812035e+00   1.0000000e+00   1.9155470e+00
   1.0000000e+00   9.7500000e-01   1.5000000e-01   4.0000000e-01   8.5000000e-01   7.0000000e-01   1.5812035e+00   1.0000000e+00   1.6924150e+00
   1.0000000e+00   9.7500000e-01   1.5000000e-01   4.0000000e-01   8.5000000e-01   7.0000000e-01   1.5812035e+00   1.0000000e+00   9.6831600e-01
  -1.0000000e+00   2.5000000e-02   3.0000000e-01   5.3333333e-01   8.0000000e-01   7.0000000e-01  -1.9373158e+00   1.0000000e+00   1.0400050e+00
  -1.0000000e+00   2.5000000e-02   3.0000000e-01   5.3333333e-01   8.0000000e-01   7.0000000e-01  -1.9373158e+00   1.0000000e+00   1.1260770e+00
  -1.0000000e+00   2.5000000e-02   3.0000000e-01   5.3333333e-01   8.0000000e-01   7.0000000e-01  -1.9373158e+00   1.0000000e+00   1.0250320e+00
  -1.0000000e+00   2.5000000e-02   3.0000000e-01   5.3333333e-01   8.0000000e-01   7.0000000e-01  -1.9373158e+00   1.0000000e+00   1.0087120e+00
   1.0000000e+00   5.0000000e-01   1.6666667e-01   4.0000000e-01   9.0000000e-01   7.0000000e-01   1.2666490e+00   1.0000000e+00   2.2360620e+00
   1.0000000e+00   5.0000000e-01   1.6666667e-01   4.0000000e-01   8.9999855e-01   7.0000000e-01   1.2666372e+00   4.0000000e+00   7.8235700e-01
   1.0000000e+00   5.0000000e-01   1.6666667e-01   4.0000000e-01   9.0000000e-01   7.0000000e-01   1.2666490e+00   1.0000000e+00   8.4502600e-01
   1.0000000e+00   5.0000000e-01   1.6666667e-01   4.0000000e-01   9.0000000e-01   7.0000000e-01   1.2666490e+00   1.0000000e+00   1.2844980e+00
  -1.0000000e+00   5.0000000e-01   3.0000000e-01   6.0000000e-01   8.5000000e-01   7.0000000e-01  -5.4116592e-01   1.0000000e+00   7.1781300e-01
  -1.0000000e+00   5.0000000e-01   3.0000000e-01   6.0000000e-01   8.5000000e-01   7.0000000e-01  -5.4116592e-01   1.0000000e+00   7.3563500e-01
  -1.0000000e+00   5.0000000e-01   3.0000000e-01   6.0000000e-01   8.5000000e-01   7.0000000e-01  -5.4116592e-01   1.0000000e+00   5.2012600e-01
  -1.0000000e+00   5.0000000e-01   3.0000000e-01   6.0000000e-01   8.5000000e-01   7.0000000e-01  -5.4116592e-01   1.0000000e+00   5.5923800e-01
   1.0000000e+00   9.7500000e-01   1.6666667e-01   4.0000000e-01   9.0000000e-01   7.0000000e-01   1.8429787e+00   1.0000000e+00   1.1299900e+00
   1.0000000e+00   9.7500000e-01   1.6666667e-01   4.0000000e-01   9.0000000e-01   7.0000000e-01   1.8429787e+00   1.0000000e+00   9.9844800e-01
   1.0000000e+00   9.7500000e-01   1.6666667e-01   4.0000000e-01   9.0000000e-01   7.0000000e-01   1.8429787e+00   1.0000000e+00   1.3771930e+00
   1.0000000e+00   9.7500000e-01   1.6666667e-01   4.0000000e-01   9.0000000e-01   7.0000000e-01   1.8429787e+00   1.0000000e+00   1.0471220e+00
  -1.0000000e+00   2.5000000e-02   3.0000000e-01   6.0000000e-01   8.5000000e-01   7.0000000e-01  -1.2170494e+00   1.0000000e+00   9.7097300e-01
  -1.0000000e+00   2.5000000e-02   3.0000000e-01   6.0000000e-01   8.5000000e-01   7.0000000e-01  -1.2170494e+00   1.0000000e+00   7.3131600e-01
  -1.0000000e+00   2.5000000e-02   3.0000000e-01   6.0000000e-01   8.5000000e-01   7.0000000e-01  -1.2170494e+00   1.0000000e+00   9.9499200e-01
  -1.0000000e+00   2.5000000e-02   3.0000000e-01   6.0000000e-01   8.5000000e-01   7.0000000e-01  -1.2170494e+00   1.0000000e+00   7.1819300e-01
   1.0000000e+00   5.0000000e-01   2.5000000e-01   4.5000000e-01   9.5000000e-01   7.0000000e-01   9.0780085e-01   1.0000000e+00   1.2650270e+00
   1.0000000e+00   5.0000000e-01   2.5000000e-01   4.5000000e-01   9.5000000e-01   7.0000000e-01   9.0780085e-01   1.0000000e+00   1.1724810e+00
   1.0000000e+00   5.0000000e-01   2.5000000e-01   4.5000000e-01   9.5000000e-01   7.0000000e-01   9.0780085e-01   1.0000000e+00   8.7844400e-01
   1.0000000e+00   5.0000000e-01   2.5000000e-01   4.5000000e-01   9.5000000e-01   7.0000000e-01   9.0780085e-01   1.0000000e+00   7.7818600e-01
  -1.0000000e+00   5.0000000e-01   3.0000000e-01   6.0000000e-01   9.0000000e-01   7.0000000e-01  -1.2884515e-01   1.0000000e+00   7.6279300e-01
  -1.0000000e+00   5.0000000e-01   3.0000000e-01   6.0000000e-01   9.0000000e-01   7.0000000e-01  -1.2884515e-01   1.0000000e+00   7.5043300e-01
  -1.0000000e+00   5.0000000e-01   3.0000000e-01   6.0000000e-01   9.0000000e-01   7.0000000e-01  -1.2884515e-01   1.0000000e+00   6.3703900e-01
  -1.0000000e+00   5.0000000e-01   3.0000000e-01   6.0000000e-01   9.0000000e-01   7.0000000e-01  -1.2884515e-01   1.0000000e+00   6.1257600e-01
   1.0000000e+00   9.7500000e-01   2.5000000e-01   4.5000000e-01   9.5000000e-01   7.0000000e-01   1.3526059e+00   1.0000000e+00   1.8339750e+00
   1.0000000e+00   9.7500000e-01   2.5000000e-01   4.5000000e-01   9.5000000e-01   7.0000000e-01   1.3526059e+00   1.0000000e+00   9.7255700e-01
   1.0000000e+00   9.7500000e-01   2.5000000e-01   4.5000000e-01   9.5000000e-01   7.0000000e-01   1.3526059e+00   1.0000000e+00   1.0234270e+00
   1.0000000e+00   9.7500000e-01   2.5000000e-01   4.5000000e-01   9.5000000e-01   7.0000000e-01   1.3526059e+00   1.0000000e+00   1.0910970e+00
  -1.0000000e+00   2.5000000e-02   3.0000000e-01   6.0000000e-01   9.0000000e-01   7.0000000e-01  -5.9485367e-01   1.0000000e+00   1.1487240e+00
  -1.0000000e+00   2.5000000e-02   3.0000000e-01   6.0000000e-01   9.0000000e-01   7.0000000e-01  -5.9485367e-01   1.0000000e+00   7.1992200e-01
  -1.0000000e+00   2.5000000e-02   3.0000000e-01   6.0000000e-01   9.0000000e-01   7.0000000e-01  -5.9485367e-01   1.0000000e+00   1.1107000e+00
  -1.0000000e+00   2.5000000e-02   3.0000000e-01   6.0000000e-01   9.0000000e-01   7.0000000e-01  -5.9485367e-01   1.0000000e+00   8.6578700e-01
   1.0000000e+00   5.0000000e-01   2.4747475e-01   5.4530585e-01   9.5575035e-01   4.9287656e-01   5.9837025e-01  -2.0000000e+00   7.1695900e-01
   1.0000000e+00   5.0000000e-01   2.4747475e-01   5.7449491e-01   9.6061663e-01   4.5887778e-01   5.3791736e-01  -2.0000000e+00   5.4791200e-01
   1.0000000e+00   5.0000000e-01   2.4747475e-01   5.9741000e-01   9.9208704e-01   5.9698781e-01   6.3316302e-01  -2.0000000e+00   5.9926100e-01
   1.0000000e+00   5.0000000e-01   2.4747475e-01   5.4661238e-01   9.5911283e-01   3.2783283e-01   5.9143652e-01  -2.0000000e+00   5.4734700e-01
  -1.0000000e+00   5.0000000e-01   2.4747475e-01   5.7706744e-01   9.9763222e-01   4.6617238e-01   7.0363834e-01  -2.0000000e+00   5.1815400e-01
  -1.0000000e+00   5.0000000e-01   2.4747475e-01   5.9560237e-01   9.9910137e-01   5.8267488e-01   6.6757970e-01  -2.0000000e+00   6.8113300e-01
  -1.0000000e+00   5.0000000e-01   2.4747475e-01   5.4536367e-01   9.5175529e-01   5.6290140e-01   5.8241382e-01  -2.0000000e+00   8.0272700e-01
  -1.0000000e+00   5.0000000e-01   2.4747475e-01   5.5313660e-01   9.7770436e-01   6.6167905e-01   6.9462457e-01  -2.0000000e+00   5.1754300e-01
   1.0000000e+00   9.7500000e-01   2.4747475e-01   6.1258613e-01   9.5372784e-01   3.5332190e-01   7.3314852e-01  -2.0000000e+00   7.6419000e-01
   1.0000000e+00   9.7500000e-01   2.4747475e-01   5.4519111e-01   9.6991024e-01   3.7240300e-01   1.0045961e+00  -2.0000000e+00   9.9611200e-01
   1.0000000e+00   9.7500000e-01   2.4747475e-01   5.4856903e-01   9.5090716e-01   4.8787626e-01   9.3180309e-01  -2.0000000e+00   6.9268900e-01
   1.0000000e+00   9.7500000e-01   2.4747475e-01   5.4590062e-01   9.9456685e-01   3.2924840e-01   1.0865561e+00  -2.0000000e+00   1.1000400e+00
  -1.0000000e+00   2.5000000e-02   2.4747475e-01   5.6217597e-01   9.7192864e-01   4.2409081e-01   2.8451528e-01  -2.0000000e+00   5.6745200e-01
  -1.0000000e+00   2.5000000e-02   2.4747475e-01   5.4753270e-01   9.6045066e-01   5.2639553e-01   2.5713362e-01  -2.0000000e+00   5.1913300e-01
  -1.0000000e+00   2.5000000e-02   2.4747475e-01   5.7622029e-01   9.5687781e-01   3.5334876e-01   1.5125148e-01  -2.0000000e+00   4.6577800e-01
  -1.0000000e+00   2.5000000e-02   2.4747475e-01   5.6038855e-01   9.6169436e-01   5.2638846e-01   2.3205104e-01  -2.0000000e+00   5.3774500e-01
   1.0000000e+00   5.0000000e-01   1.8181818e-01   6.0000000e-01   8.5000000e-01   3.0000000e-01   2.7917655e-02   1.0000000e+00   3.7006600e-01
   1.0000000e+00   5.0000000e-01   1.8181818e-01   6.0000000e-01   8.5000000e-01   3.0000000e-01   2.7917652e-02   1.0000000e+00   2.8509000e-01
   1.0000000e+00   5.0000000e-01   1.8181818e-01   6.0000000e-01   8.5000000e-01   3.0000000e-01   2.7917652e-02   1.0000000e+00   3.3640800e-01
   1.0000000e+00   5.0000000e-01   1.8181818e-01   6.0000000e-01   8.5000000e-01   3.0000000e-01   2.7917652e-02   1.0000000e+00   3.0094200e-01
  -1.0000000e+00   5.0000000e-01   2.2222222e-01   6.5000000e-01   8.0000000e-01   7.0000000e-01  -8.8443774e-01   1.0000000e+00   7.9223700e-01
  -1.0000000e+00   5.0000000e-01   2.2222222e-01   6.5000000e-01   8.0000000e-01   7.0000000e-01  -8.8443774e-01   1.0000000e+00   1.6787590e+00
  -1.0000000e+00   5.0000000e-01   2.2222222e-01   6.5000000e-01   8.0000000e-01   7.0000000e-01  -8.8443774e-01   1.0000000e+00   8.0930800e-01
  -1.0000000e+00   5.0000000e-01   2.2222222e-01   6.5000000e-01   8.0000000e-01   7.0000000e-01  -8.8443774e-01   1.0000000e+00   8.1433700e-01
   1.0000000e+00   9.7500000e-01   1.8181818e-01   6.0000000e-01   8.5000000e-01   7.0000000e-01   5.7968344e-01   1.0000000e+00   1.3271530e+00
   1.0000000e+00   9.7500000e-01   1.8181818e-01   6.0000000e-01   8.5000000e-01   7.0000000e-01   5.7968344e-01   1.0000000e+00   1.4042130e+00
   1.0000000e+00   9.7500000e-01   1.8181818e-01   6.0000000e-01   8.5000000e-01   7.0000000e-01   5.7968344e-01   1.0000000e+00   1.3942110e+00
   1.0000000e+00   9.7500000e-01   1.8181818e-01   6.0000000e-01   8.5000000e-01   7.0000000e-01   5.7968344e-01   1.0000000e+00   1.2363060e+00
  -1.0000000e+00   2.5000000e-02   2.2222222e-01   6.5000000e-01   8.0000000e-01   7.0000000e-01  -1.9088892e+00   1.0000000e+00   1.0912870e+00
  -1.0000000e+00   2.5000000e-02   2.2222222e-01   6.5000000e-01   8.0000000e-01   7.0000000e-01  -1.9088892e+00   1.0000000e+00   1.1023570e+00
  -1.0000000e+00   2.5000000e-02   2.2222222e-01   6.5000000e-01   8.0000000e-01   7.0000000e-01  -1.9088892e+00   1.0000000e+00   1.4744890e+00
  -1.0000000e+00   2.5000000e-02   2.2222222e-01   6.5000000e-01   8.0000000e-01   7.0000000e-01  -1.9088892e+00   1.0000000e+00   1.1094700e+00
   1.0000000e+00   5.0000000e-01   1.5000000e-01   6.0000000e-01   9.0000000e-01   7.0000000e-01   6.9371936e-01   1.0000000e+00   1.5877260e+00
   1.0000000e+00   5.0000000e-01   1.5000000e-01   6.0000000e-01   9.0000000e-01   7.0000000e-01   6.9371936e-01   1.0000000e+00   1.2291390e+00
   1.0000000e+00   5.0000000e-01   1.5000000e-01   6.0000000e-01   9.0000000e-01   7.0000000e-01   6.9371936e-01   1.0000000e+00   7.5511800e-01
   1.0000000e+00   5.0000000e-01   1.5000000e-01   6.0000000e-01   9.0000000e-01   7.0000000e-01   6.9371936e-01   1.0000000e+00   1.5383150e+00
  -1.0000000e+00   5.0000000e-01   3.0000000e-01   6.5000000e-01   8.5000000e-01   7.0000000e-01  -6.5899777e-01   1.0000000e+00   8.9179300e-01
  -1.0000000e+00   5.0000000e-01   3.0000000e-01   6.5000000e-01   8.5000000e-01   7.0000000e-01  -6.5899777e-01   1.0000000e+00   1.1136700e+00
  -1.0000000e+00   5.0000000e-01   3.0000000e-01   6.5000044e-01   8.5000000e-01   7.0000000e-01  -6.5899875e-01   1.0000000e+00   6.8182600e-01
  -1.0000000e+00   5.0000000e-01   3.0000000e-01   6.5000000e-01   8.5000000e-01   7.0000000e-01  -6.5899777e-01   1.0000000e+00   9.1658200e-01
   1.0000000e+00   9.7500000e-01   1.5000000e-01   6.0000000e-01   9.0000000e-01   7.0000000e-01   1.1193180e+00   1.0000000e+00   9.0792900e-01
   1.0000000e+00   9.7500000e-01   1.5000000e-01   6.0000000e-01   9.0000000e-01   7.0000000e-01   1.1193180e+00   1.0000000e+00   1.8723930e+00
   1.0000000e+00   9.7500000e-01   1.5000000e-01   6.0000000e-01   9.0000000e-01   7.0000000e-01   1.1193180e+00   1.0000000e+00   1.4155040e+00
   1.0000000e+00   9.7500000e-01   1.5000000e-01   6.0000000e-01   9.0000000e-01   7.0000000e-01   1.1193180e+00   1.0000000e+00   1.2234130e+00
  -1.0000000e+00   2.5000000e-02   3.0000000e-01   6.5000000e-01   8.5000000e-01   7.0000000e-01  -1.3161731e+00   1.0000000e+00   1.1512540e+00
  -1.0000000e+00   2.5000000e-02   3.0000000e-01   6.5000000e-01   8.5000000e-01   7.0000000e-01  -1.3161731e+00   1.0000000e+00   1.1704540e+00
  -1.0000000e+00   2.5000000e-02   3.0000000e-01   6.5000000e-01   8.5000000e-01   7.0000000e-01  -1.3161731e+00   1.0000000e+00   1.1407330e+00
  -1.0000000e+00   2.5000000e-02   3.0000000e-01   6.5000000e-01   8.5000000e-01   7.0000000e-01  -1.3161731e+00   1.0000000e+00   1.1734820e+00
   1.0000000e+00   5.0000000e-01   1.8181818e-01   6.0000000e-01   9.5000000e-01   7.0000000e-01   7.9980467e-01   1.0000000e+00   1.6296630e+00
   1.0000000e+00   5.0000000e-01   1.8181818e-01   6.0000000e-01   9.4999999e-01   7.0000000e-01   7.9980460e-01   1.0000000e+00   1.0677930e+00
   1.0000000e+00   5.0000000e-01   1.8181818e-01   6.0000000e-01   9.5000000e-01   7.0000000e-01   7.9980467e-01   1.0000000e+00   8.6256000e-01
   1.0000000e+00   5.0000000e-01   1.8181818e-01   6.0000000e-01   9.5000000e-01   7.0000000e-01   7.9980467e-01   1.0000000e+00   9.6531200e-01
  -1.0000000e+00   5.0000000e-01   3.0000000e-01   7.6666667e-01   9.0000000e-01   7.0000000e-01  -4.8869797e-01   1.0000000e+00   8.1522200e-01
  -1.0000000e+00   5.0000000e-01   3.0000000e-01   7.6666667e-01   9.0000000e-01   7.0000000e-01  -4.8869797e-01   1.0000000e+00   9.4647900e-01
  -1.0000000e+00   5.0000000e-01   3.0000000e-01   7.6666667e-01   9.0000000e-01   7.0000000e-01  -4.8869797e-01   1.0000000e+00   8.1580000e-01
  -1.0000000e+00   5.0000000e-01   3.0000000e-01   7.6666667e-01   9.0000000e-01   7.0000000e-01  -4.8869797e-01   1.0000000e+00   8.1485400e-01
   1.0000000e+00   9.7500000e-01   1.8181818e-01   6.0000000e-01   9.5000000e-01   7.0000000e-01   1.1522256e+00   1.0000000e+00   8.9213600e-01
   1.0000000e+00   9.7500000e-01   1.8181818e-01   6.0000000e-01   9.5000000e-01   7.0000000e-01   1.1522256e+00   1.0000000e+00   3.5197150e+00
   1.0000000e+00   9.7500000e-01   1.8181818e-01   6.0000000e-01   9.5000000e-01   7.0000000e-01   1.1522256e+00   1.0000000e+00   1.5425360e+00
   1.0000000e+00   9.7500000e-01   1.8181818e-01   6.0000000e-01   9.5000000e-01   7.0000000e-01   1.1522256e+00   1.0000000e+00   1.2746310e+00
  -1.0000000e+00   2.5000000e-02   3.0000000e-01   7.6666667e-01   9.0000000e-01   7.0000000e-01  -9.1822399e-01   1.0000000e+00   9.7994400e-01
  -1.0000000e+00   2.5000000e-02   3.0000000e-01   7.6666667e-01   9.0000000e-01   7.0000000e-01  -9.1822399e-01   1.0000000e+00   1.1018990e+00
  -1.0000000e+00   2.5000000e-02   3.0000000e-01   7.6666667e-01   9.0000000e-01   7.0000000e-01  -9.1822399e-01   1.0000000e+00   1.2799420e+00
  -1.0000000e+00   2.5000000e-02   3.0000000e-01   7.6666667e-01   9.0000000e-01   7.0000000e-01  -9.1822399e-01   1.0000000e+00   1.0950770e+00
   1.0000000e+00   5.0000000e-01   2.5000000e-01   6.0000000e-01   1.0000000e+00   7.0000000e-01   6.5144543e-01   4.0000000e+00   1.8011990e+00
   1.0000000e+00   5.0000000e-01   2.5000000e-01   6.0000000e-01   1.0000000e+00   7.0000000e-01   6.5144543e-01   4.0000000e+00   1.4169570e+00
   1.0000000e+00   5.0000000e-01   2.5000000e-01   6.0000000e-01   1.0000000e+00   7.0000000e-01   6.5144543e-01   4.0000000e+00   1.1561470e+00
   1.0000000e+00   5.0000000e-01   2.5000000e-01   6.0000000e-01   1.0000000e+00   7.0000000e-01   6.5144543e-01   4.0000000e+00   2.1396640e+00
  -1.0000000e+00   5.0000000e-01   3.0000000e-01   8.0000000e-01   9.5000000e-01   7.0000000e-01  -2.5026451e-01   1.0000000e+00   6.7349800e-01
  -1.0000000e+00   5.0000000e-01   3.0000000e-01   8.0000000e-01   9.5000000e-01   7.0000000e-01  -2.5026451e-01   1.0000000e+00   8.2277800e-01
  -1.0000000e+00   5.0000000e-01   3.0000000e-01   8.0000000e-01   9.5000000e-01   7.0000000e-01  -2.5026451e-01   1.0000000e+00   6.8257800e-01
  -1.0000000e+00   5.0000000e-01   3.0000000e-01   8.0000000e-01   9.5000000e-01   7.0000000e-01  -2.5026451e-01   1.0000000e+00   6.5086800e-01
   1.0000000e+00   9.7500000e-01   2.5000000e-01   6.0000000e-01   1.0000000e+00   7.0000000e-01   9.6097340e-01   4.0000000e+00   1.4415310e+00
   1.0000000e+00   9.7500000e-01   2.5000000e-01   6.0000000e-01   1.0000000e+00   7.0000000e-01   9.6097340e-01   4.0000000e+00   2.3532070e+00
   1.0000000e+00   9.7500000e-01   2.5000000e-01   6.0000000e-01   1.0000000e+00   7.0000000e-01   9.6097340e-01   4.0000000e+00   1.7159410e+00
   1.0000000e+00   9.7500000e-01   2.5000000e-01   6.0000000e-01   1.0000000e+00   7.0000000e-01   9.6097340e-01   4.0000000e+00   2.1285000e+00
  -1.0000000e+00   2.5000000e-02   3.0000000e-01   8.0000000e-01   9.5000000e-01   7.0000000e-01  -5.7471926e-01   1.0000000e+00   1.1348230e+00
  -1.0000000e+00   2.5000000e-02   3.0000000e-01   8.0000000e-01   9.5000000e-01   7.0000000e-01  -5.7471926e-01   1.0000000e+00   8.0440300e-01
  -1.0000000e+00   2.5000000e-02   3.0000000e-01   8.0000000e-01   9.5000000e-01   7.0000000e-01  -5.7471926e-01   1.0000000e+00   1.1860430e+00
  -1.0000000e+00   2.5000000e-02   3.0000000e-01   8.0000000e-01   9.5000000e-01   7.0000000e-01  -5.7471926e-01   1.0000000e+00   8.4276500e-01
